19 27
85 83
98 83
12 47
88 33
72 24
16 10
3 73
63 61
41 24
64 95
70 25
13 46
45 29
2 93
54 46
10 71
76 55
64 54
75 95
72 47
60 39
0 18
87 77
83 7
26 82
36 57
67 54
6 78
94 59
41 67
9 64
85 34
3 49
42 62
0 97
99 78
74 67
1 79
23 71
12 75
83 72
50 63
45 47
72 85
75 59
30 67
66 22
82 25
80 13
40 33
40 28
26 58
56 47
78 62
54 66
23 30
9 59
89 76
12 5
44 39
13 23
28 24
12 80
78 60
11 27
37 3
34 76
84 71
8 42
32 93
92 43
90 34
54 73
9 86
6 83
86 48
40 61
53 6
91 17
17 95
11 40
81 66
34 12
50 45
2 40
57 56
1 29
45 8
39 52
42 93
49 64
63 29
0 54
3 30
38 10
62 10
76 8
36 77
99 4
64 53
30 6
86 77
5 17
44 76
20 60
0 26
34 23
8 49
25 59
29 90
22 20
82 51
94 45
41 47
52 8
32 78
80 91
74 43
61 71
33 43
27 99
95 51
64 77
48 49
32 51
12 67
72 10
55 28
92 29
73 21
63 9
33 48
21 39
62 31
21 42
35 7
23 95
76 1
35 89
1 37
32 15
89 53
92 47
35 13
25 68
49 50
65 4
83 56
23 12
60 69
25 30
8 3
91 90
1 69
68 3
42 54
6 18
91 29
89 52
4 53
98 50
40 67
81 31
62 41
93 17
19 11
43 99
44 28
25 45
65 49
41 49
50 90
57 39
45 16
95 92
15 96
73 31
10 90
34 47
80 15
45 37
22 40
84 83
62 43
0 13
57 48
82 16
14 19
66 20
27 25
30 8
79 59
91 9
6 14
44 98
76 29
18 66
52 2
90 5
91 31
89 55
75 35
41 23
97 4
38 3
65 34
24 82
36 34
53 47
38 41
55 96
16 22
59 99
25 31
69 24
25 67
40 38
77 49
50 97
70 64
77 53
2 96
18 40
28 84
47 16
9 3
23 91
59 2
77 21
15 63
2 38
71 12
49 26
89 99
34 3
28 30
0 60
61 27
83 87
75 42
32 20
3 18
72 17
54 2
45 0
68 74
79 67
7 64
25 32
84 14
33 11
30 35
4 75
88 75
94 88
33 3
21 52
52 43
81 63
38 27
73 15
79 91
42 67
97 13
22 2
46 48
61 79
34 11
40 52
40 71
12 48
73 37
31 13
31 36
22 58
57 79
14 18
28 76
33 52
13 6
93 88
70 41
37 34
16 89
39 74
45 2
73 97
73 68
65 37
1 82
99 86
90 38
34 66
46 34
71 65
32 59
19 64
48 77
99 32
65 32
55 45
93 67
67 78
90 19
82 97
56 29
89 49
77 38
84 35
27 84
69 92
18 79
30 72
49 81
29 2
83 47
68 32
93 39
17 27
93 3
68 60
16 50
59 82
20 94
39 48
0 31
81 82
27 94
28 94
67 91
57 60
31 57
58 33
26 56
92 38
39 11
28 95
70 72
82 2
89 78
76 23
6 29
70 78
42 25
61 96
22 98
8 68
64 6
89 20
69 54
79 64
40 41
49 79
4 11
71 94
15 66
8 12
39 16
27 47
27 7
61 37
37 40
11 59
79 28
38 70
47 81
39 3
48 0
26 4
49 35
10 86
1 7
91 46
66 21
58 55
94 18
64 14
4 23
5 87
20 31
32 22
33 85
91 36
37 27
88 28
73 91
17 31
47 49
41 89
32 24
42 92
98 76
44 63
5 13
44 81
54 12
97 18
73 41
17 30
44 78
6 96
45 3
75 34
23 22
17 3
13 91
29 82
49 4
14 5
79 23
81 25
41 26
54 15
87 13
57 93
50 58
43 57
73 42
78 25
89 98
25 5
77 7
66 67
72 43
46 39
9 13
83 92
92 81
1 46
41 42
97 52
87 39
55 23
12 41
22 27
87 3
88 24
55 84
74 75
2 72
26 17
26 76
2 4
10 65
27 34
37 26
20 91
97 58
86 89
4 52
85 25
59 65
86 55
19 33
80 89
54 56
81 46
33 36
90 51
26 81
34 69
37 23
36 58
12 19
96 21
74 53
26 2
8 81
74 3
17 13
71 85
24 94
47 90
82 96
14 48
37 62
72 31
0 27
75 56
38 85
5 21
15 12
50 70
36 64
95 37
59 68
34 9
57 72
85 79
2 34
27 2
13 1
9 5
1 89
89 84
46 74
53 97
7 45
77 95
